230424002
230427002
230501002
230509002
230512002
230419017
230422017
230429017
230505017
230507017
230522017
230524017
230608017
230611017
230613017
230419006
230423006
230430006
230504006
230506006
230508006
230513006
230517006
230523006
230525006
230529006
230420008
230423008
230430008
230504008
230506008
230508008
230514008
230518008
230520008
230419011
230421011
230429011
230424013
230427013
230501013
230509013
230511013
230515013
230424015
230426015
230501015
230420016
230422016
230429016
230426003
230428003
230502003
230425019
230427019
230502019
230420020
230423020
230430020
230510020
230511020
230516020
230425021
230427021
230501021
230425022
230427022
230502022
230419023
230421023
230430023
230510023
230511023
230515023
230419024
230421024
230429024
230505024
230507024
230513024
230519024
230521024
230527024
230604024
230606024
230426026
230428026
240423002
240425002
240417017
240420017
240509017
240511017
240516017
240424006
240426006
240424007
240427007
240418008
240421008
240429008
240503008
240507008
240514008
240520008
240526008
240528008
240601008
240610008
240613008
240615008
240423010
240425010
240417011
240420011
240506011
240508011
240515011
240522011
240524011
240530011
240417013
240419013
240428013
240509013
240511013
240515013
240525013
240527013
240531013
240606013
240608013
240422029
240425029
240418014
240421014
240430014
240504014
240510014
240512014
240518014
240424015
240426015
240418016
240421016
240430016
240504016
240508016
240514016
240519016
240521016
240523016
240529016
240424003
240427003
240502003
240422018
240425018
240418023
240420023
240429023
240510023
240512023
240516023
240417024
240419024
240502024
240505024
240513024
250423002
250425002
250503002
250507002
250428017
250501017
250424004
250427004
250504004
250423006
250425006
250502006
250507006
250513006
250515006
250520006
250430007
250502007
250423008
250426008
250503008
250509008
250511008
250517008
250529008
250531008
250604008
250614008
250616008
250619008
250428010
250430010
250505010
250428011
250430011
250505011
250513011
250515011
250519011
250429029
250501029
250424014
250426014
250508014
250510014
250523014
250525014
250602014
250606014
250423025
250426025
250503025
250512025
250515025
250519025
250429020
250501020
250424021
250427021
250509021
250511021
250518021
250522021
250524021
250601021
250429023
250501023
250424024
250427024
250504024
250508024
250510024
250517024
250528024
250530024
250609024
250612024
250621024
250623024
250430027
250502027
250506027
250512027
250514027
260423017
260425017
260502017
260512017
260514017
260422005
260425005
260503005
260513005
260515005
260519005
260427004
260430004
260504004
260423006
260426006
260513006
260515006
260519006
260524006
260526006
260601006
260608006
260611006
260620006
260427007
260429007
260423008
260426008
260503008
260507008
260509008
260517008
260521008
260523008
260525008
260531008
260427011
260429011
260504011
260422012
260424012
260501012
260512012
260514012
260518012
260428013
260430013
260504013
260429029
260501029
260422014
260424014
260502014
260508014
260510014
260516014
260527014
260529014
260602014
260613014
260615014
260618014
260429015
260501015
260423021
260426021
260502021
260506021
260508021
260510021
260516021
260522021
260528021
260530021
260603021
260428023
260430023
260505023
260422024
260425024
260502024
260507024
260509024
260517024
260522024
260428027
260430027
260505027
270422005
270425005
270506005
270508005
270516005
270527005
270529005
270602005
270612005
270614005
270421004
270424004
270510004
270513004
270517004
270422006
270425006
270501006
270428007
270430007
270421008
270423008
270505008
270507008
270515008
270521008
270524008
270531008
270427009
270429009
270503009
270511009
270513009
270421010
270423010
270430010
270505010
270426013
270429013
270422021
270424021
270502021
270506021
270508021
270516021
270422024
270425024
270502024
270512024
270514024
270518024
270520024
270522024
270530024
270607024
270610024
270421028
270424028
270501028
270426026
270428026
270503026
270507026
270509026
270515026
270526026
270528026
270428027
270430027
280426001
280428001
280502001
280420002
280423002
280430002
280504002
280506002
280508002
280514002
280518002
280520002
280522002
280528002
280605002
280608002
280617002
280419005
280421005
280430005
280510005
280512005
280516005
280425006
280427006
280426007
280428007
280420008
280423008
280429008
280503008
280505008
280513008
280524008
280526008
280530008
280419010
280421010
280429010
280420013
280423013
280504013
280507013
280514013
280521013
280523013
280529013
280610013
280612013
280615013
280420019
280422019
280428019
280507019
280510019
280425020
280427020
280501020
280425021
280427021
280419024
280422024
280429024
280508024
280511024
280515024
280525024
280527024
280424028
280426028
280424026
280426026
280502026
280509026
280511026
280516026
280424027
280427027
280502027
290419001
290422001
290429001
290503001
290509001
290511001
290418002
290420002
290428002
290502002
290504002
290506002
290512002
290517002
290418005
290421005
290505005
290507005
290520005
290522005
290528005
290423004
290426004
290430004
290423006
290425006
290509006
290511006
290419007
290422007
290429007
290503007
290505007
290513007
290523007
290525007
290529007
290424008
290426008
290424010
290426010
290430010
290508010
290510010
290514010
290419013
290421013
290427013
290504013
290506013
290512013
290517013
290519013
290521013
290527013
290604013
290607013
290425014
290427014
290501014
290425003
290427003
290419019
290422019
290428019
290508019
290510019
290514019
290524019
290526019
290530019
290609019
290611019
290614019
290418022
290421022
290428022
290418024
290420024
290428024
290423026
290425026
300417001
300420001
300428001
300502001
300508001
300510001
300417002
300420002
300427002
300507002
300509002
300513002
300522002
300524002
300528002
300608002
300610002
300613002
300417005
300419005
300427005
300501005
300503005
300511005
300424030
300426030
300422004
300425004
300418006
300421006
300427006
300418013
300420013
300427013
300502013
300504013
300517013
300519013
300527013
300603013
300606013
300615013
300617013
300423014
300425014
300424015
300426015
300430015
300418019
300421019
300504019
300506019
300516019
300518019
300526019
300418021
300420021
300426021
300503021
300505021
300523021
300525021
300529021
300422022
300424022
300429022
300423024
300425024
300429024
300507024
300509024
300423026
300425026
300430026
300508026
300510026
310417002
310419002
310507002
310509002
310416004
310418004
310426004
310502004
310504004
310510004
310515004
310518004
310526004
310416006
310419006
310425006
310506006
310508006
310517006
310519006
310525006
310605006
310607006
310609006
310423007
310425007
310421011
310423011
310417013
310420013
310426013
310502013
310504013
310423029
310425029
310429029
310507029
310509029
310513029
310416014
310418014
310427014
310501014
310503014
310511014
310522014
310524014
310531014
310602014
310612014
310422003
310424003
310428003
310422018
310424018
310417025
310420025
310427025
310501025
310503025
310511025
310515025
310521025
310523025
310416019
310419019
310426019
310421020
310424020
310421022
310423022
310428022
310417024
310420024
310427024
320429001
320501001
320508001
320504002
320506002
320510002
320512002
320514002
320521002
320526002
320601002
320603002
320607002
320428004
320501004
320508004
320503006
320505006
320504007
320506007
320510007
320428011
320430011
320508011
320517011
320520011
320524011
320505012
320507012
320511012
320519012
320520012
320429013
320501013
320508013
320512013
320518013
320519013
320503018
320506018
320428025
320430025
320514025
320516025
320521025
320531025
320602025
320606025
320612025
320614025
320502019
320505019
320504020
320506020
320510020
320516020
320518020
320523020
320429024
320502024
320515024
320517024
320527024
320529024
320604024
320505026
320507026
400459778
400459947
400459953
400459976
400459951
400459952
400459974
400464359
400464463
400459943
400459944
400459948
400459945
400459946
400459949
400464339
400464459
400464461
400459781
400459782
400459784
400459777
400459980
400459986
400464341
400464467
400464469
400466596
400466597
400466599
400459975
400459977
400459981
400459789
400459790
400459978
400459979
400459982
400464338
400464455
400466476
400466477
400459775
400459786
400464356
400464357
400464464
400466594
400466595
400466598
400466600
400467195
400467334
400467338
400467339
400459793
400459955
400459776
400459959
400459962
400464191
400464340
400464468
400459779
400459780
400459783
400464192
400464337
400464456
400459787
400459788
400464174
400464175
400464460
400466474
400466475
400467335
400467336
400467337
400553060
400553062
400553068
400553087
400553089
400553093
400556276
400556277
400553077
400553079
400553096
400553098
400553103
400553084
400553088
400553092
400553097
400553099
400553107
400553057
400553059
400553064
400553070
400556174
400556175
400556179
400558914
400558915
400558918
400553078
400553081
400553090
400553095
400556256
400556257
400556259
400553069
400553071
400553074
400553072
400553075
400556274
400556275
400556278
400558916
400558917
400558919
400559376
400559377
400553066
400553067
400553073
400553076
400556254
400556255
400556258
400558956
400558957
400558959
400553101
400553104
400553108
400556336
400556337
400553054
400553055
400553061
400553065
400556334
400556335
400556338
400558954
400558955
400558958
400559374
400559375
400559378
400553085
400553086
400553091
400553094
400553100
400553102
400556176
400556177
400556180
400790921
400790922
400790925
400793781
400793782
400793785
400796266
400796267
400790909
400790911
400790905
400790907
400793121
400793122
400793125
400796268
400796269
400796847
400796848
400796850
400790919
400790943
400790948
400793123
400793124
400793126
400790917
400790918
400790901
400790902
400792888
400792889
400792892
400796355
400796356
400796359
400796845
400796846
400796849
400790914
400790916
400790920
400793861
400793862
400793865
400793867
400796357
400796358
400790945
400790947
400790954
400790959
400793863
400793864
400793866
400790953
400790955
400790960
400792890
400792891
400792893
400790944
400790946
400790949
400790903
400790904
400790956
400790958
400790950
400790952
400790957
400790928
400790929
400790930
400790931
400793783
400793784
400793786
400874388
400874410
400874415
400875767
400875768
400874412
400874413
400874416
400874343
400874345
400875765
400875766
400876891
400876892
400876895
400878156
400878157
400878159
400874419
400874420
400874422
400874347
400874349
400874342
400874344
400874370
400875806
400875807
400875810
400876750
400876751
400876754
400876756
400878154
400878155
400878158
400878160
400874346
400874348
400874384
400874386
400874389
400874357
400874358
400874361
400874378
400874379
400874414
400874417
400874421
400874423
400875892
400875893
400875895
400874364
400874365
400874368
400875653
400875654
400875656
400876752
400876753
400876755
400874359
400874360
400874362
400875808
400875809
400874374
400874376
400875651
400875652
400875655
400874380
400874381
400874387
400874411
400875890
400875891
400875894
400875896
400876893
400876894
400876896
400950422
400950425
400950428
400950314
400950321
400950387
400952526
400952527
400952530
400952532
400953694
400953695
400953698
400950315
400950394
400952462
400952463
400953696
400953697
400954512
400954513
400950323
400950325
400950389
400950318
400950322
400952553
400952554
400953591
400953592
400954510
400954511
400954514
400950320
400950404
400950409
400952492
400952493
400952495
400950396
400950399
400950417
400950414
400950423
400950426
400950395
400950397
400950400
400950410
400950413
400950416
400950406
400950407
400950324
400950386
400950319
400950393
400950398
400952490
400952491
400952494
400953593
400953594
400950316
400950408
400950415
400952464
400952465
400950419
400950421
400950424
400952606
400952607
400950317
400950420
400950427
400952528
400952529
400952531
401029429
401029430
401029435
401029437
401031671
401031672
401031675
401032840
401032841
401032844
401032846
401029417
401029421
401029428
401029433
401031715
401031716
401032842
401032843
401032845
401034615
401034616
401029441
401029446
401029456
401031412
401031645
401031648
401032763
401032764
401032766
401034613
401034614
401029411
401029414
401029423
401031590
401031639
401031642
401032761
401032762
401032765
401032767
401029424
401029427
401029431
401029443
401029444
401029432
401029434
401029436
401029418
401029422
401029461
401029462
401031646
401031647
401029438
401029440
401029451
401029439
401029442
401029447
401031673
401031674
401029459
401029460
401029453
401029455
401029410
401029412
401029416
401031713
401031714
401029445
401029450
401029452
401031640
401031641
